51.666666666666664
39.333333333333336
36.333333333333336
48.666666666666664
74.0
66.33333333333333
48.0
51.666666666666664
57.333333333333336
55.666666666666664
67.0
66.66666666666667
95.66666666666667
74.66666666666667
77.66666666666667
64.0
74.0
60.666666666666664
54.333333333333336
75.33333333333333
50.333333333333336
57.666666666666664
82.0
64.66666666666667
76.66666666666667
54.333333333333336
65.33333333333333
55.0
76.66666666666667
79.0
53.0
57.0
34.666666666666664
75.0
61.666666666666664
60.666666666666664
58.666666666666664
80.0
57.0
44.0
36.333333333333336
58.666666666666664
72.66666666666667
46.333333333333336
65.33333333333333
82.0
47.666666666666664
58.0
58.333333333333336
74.66666666666667
72.0
46.0
68.9423076923077 58.76923076923077 56.92307692307692